0 0 (1,3)
1 0 (1,2)
2 0 (3,4)
3 0 (2,14)
4 0 (4,5)
5 425 (5,14)
6 425 (5,6)
7 425 (6,15)
8 0 (15,7)
9 425 (15,8)
10 0 (7,11)
11 425 (8,13)
12 90 (9,13)
13 90 (9,10)
14 90 (10,12)
15 0 (16,17)
16 0 (16,19)
17 0 (17,33)
18 0 (19,18)
19 24 (18,20)
20 24 (18,33)
21 24 (21,33)
22 0 (21,20)
23 24 (21,22)
24 24 (22,23)
25 2 (23,20)
26 26 (23,24)
27 258 (24,26)
28 254 (24,25)
29 258 (26,27)
30 130 (28,27)
31 130 (29,28)
32 130 (29,30)
33 584 (32,25)
34 234 (32,31)
35 234 (31,30)
36 818 (32,35)
37 0 (34,35)
38 0 (36,35)
39 1815 (37,35)
40 1815 (37,38)
41 1954 (40,39)
42 1954 (39,38)
43 1954 (40,41)
44 1954 (41,42)
45 0 (44,46)
46 0 (43,46)
47 0 (45,44)
48 0 (45,46)
49 403 (47,46)
50 355 (48,47)
51 355 (49,48)
52 26 (47,53)
53 16 (54,53)
54 1 (50,49)
55 1 (51,50)
56 1 (51,52)
57 19 (55,54)
58 19 (52,55)
59 147 (54,56)
60 147 (56,57)
61 219 (58,57)
62 0 (60,65)
63 219 (65,59)
64 219 (65,58)
65 219 (59,61)
66 0 (62,61)
67 0 (63,64)
68 0 (66,67)
69 0 (68,69)
70 0 (69,70)
71 0 (76,71)
72 0 (71,75)
73 0 (72,71)
74 0 (72,73)
75 0 (73,75)
76 0 (74,75)
77 12 (75,77)
78 90 (12,30)
79 335 (13,25)
80 493 (14,20)
81 614 (20,46)
82 318 (25,53)
83 354 (27,49)
84 20 (30,52)
85 1311 (35,57)
86 219 (38,61)
87 1954 (42,64)
88 923 (46,67)
89 955 (53,70)
90 1665 (57,77)
91 1172 (67,78)
92 1508 (70,78)
93 1719 (77,78)
