0 0
1 0
2 0
3 0
4 0
5 425
6 425
7 0
8 425
9 90
10 90
11 0
12 90
13 425
14 493
15 425
16 0
17 0
18 24
19 0
20 721
21 24
22 24
23 26
24 269
25 859
26 258
27 371
28 130
29 130
30 237
31 234
32 818
33 24
34 0
35 1979
36 0
37 1815
38 1994
39 1954
40 1954
41 1954
42 1954
43 0
44 0
45 0
46 1377
47 423
48 355
49 355
50 1
51 1
52 20
53 961
54 163
55 19
56 147
57 1784
58 219
59 219
60 0
61 219
62 0
63 0
64 1954
65 219
66 0
67 1293
68 0
69 0
70 1631
71 0
72 0
73 0
74 0
75 12
76 0
77 1892
78 3303
